5.562577152299193
0.7805377347225481
4.896379465661002
-1.929638307252845e-06
6.122030825239812
-0.027520472934472535
-0.049342940842493396
6.672802422360175
5.683932988942155
-6.249181506051494e-06
4.319915152538033
2.2157525775526303
-0.1578108770952829
-0.036311224697396616
-6.519024352858322e-09
7.952956776439747
4.9130415584357
5.304843653919122
6.600777551775331
-0.16790714539111715
-0.15787131572175372
4.924490025072854
-5.906754831358868e-10
-7.695354059604596e-13
7.059038205392092
5.18122765316028
-0.06468457203557955
6.643771582528899
0.5174332392002454
3.646144890006076
-3.519763048344279e-08
7.778776093692972
-0.1519510159408324
2.0218844002347094
0.9661548914907981
4.46044187726665
-3.9941676361943906e-11
3.956546101585934
1.6798039943149656
-6.652560884996154e-11
-1.2496331174672376e-06
5.0167410432995
-1.048202863598387e-07
-0.0429384783371095
2.197746914279687
7.359120077798976
-0.05826658910373841
-0.14850405297496488
1.0335446098783714
-0.0021948571284842104
-6.1943051578436104e-15
6.583872362816712
2.4268932158325187
7.2673569777467275
7.758418301642407
-3.107977143766647e-13
-5.425203782115796e-14
-3.833422778800372e-11
3.8769118331476293
-0.11793048029940255
0.225830326311144
0.3078034856766304
7.480951809460043
6.319210267086201
4.347394299736817
-1.2029115490276844e-09
-0.16094085827488605
-4.234809496942488e-05
6.003929722692255
5.240887135840355
7.538753110802849
7.82653544809169
1.6077377645765454
-0.16896425023320272
3.3560421758997565
4.283430031049515
6.291133057740025
0.28665993007233187
2.3950571441716972
-0.00042091568897117834
3.243379659254273
-0.0010692762980819735
1.8233353793043705
-0.1673952601454899
-0.0659959147419299
7.787871309850421
6.879205396732706
7.228864462012177
-0.027518880124647996
-0.06264130532688306
-1.5618521033463209e-06
1.3460977666225047
0.3903732363117009
-1.5781337150251027e-11
-0.057305261989107306
7.135073792669703
0.26096013698760323
6.685057533262223
-0.14684272938364662
0.9625034100931713
