5.562577226231221
0.9434925875759959
4.89638185551868
-4.9399988630965055
6.122030828067889
-2.2497397155871646
-1.956133154738012
6.672802422443906
5.683933026351484
-4.695321612101987
4.3199488622571405
2.243636279467518
-1.009991182706207
-2.1163514373281505
-5.983878208418544
7.952956776439754
4.91304376127875
5.304843953031217
6.600777551910319
-0.8527110635277655
-1.009285239250561
4.9244921076342205
-6.372998106780992
-7.342541032906629
7.059038205398009
5.181228224208276
-1.7999058466602094
6.6437715826304675
0.6864472318586099
3.646629349739243
-5.694662484808324
7.778776093693001
-0.48317057500056926
2.0622851786277554
1.1139235281297495
4.460460116952975
-6.78291909916962
3.9566964429909497
1.749916753372272
-6.707217695208806
-5.0274183006720925
5.016742361573165
-5.499342398008453
-2.0306516545233606
2.2266600948616535
7.359120077799657
-0.12997422656570734
-1.1069680131329989
1.1745888018605655
-3.2005744085568697
-7.970477257338178
6.583872362967599
2.4446174100687426
7.26735697774806
7.75841830164244
-7.465111843489861
-7.695415978439591
-6.7889780269797875
3.877116741961041
-0.31255710900073375
0.3538200952670021
0.45556694755918414
7.4809518094603185
6.319210267916873
4.347424241670419
-6.260274697438305
-0.9713397209494943
-4.266558180687312
6.003929728473981
5.240887554603198
7.538753110803029
7.826535448091709
1.6852132795110464
-0.8215884868154593
3.3573631252712524
4.283469439264339
6.291133058731372
0.4301300285295344
2.4140974249364024
-3.6853046324182
3.245283565223332
-3.420426726037208
1.8798515318743192
-0.8649775654012419
-1.787625913431599
7.787871309850447
6.879205396753408
7.228864462013938
-2.249766614915659
-1.81932258060659
-4.982738938629241
1.4524057477366874
0.550569351318849
-6.918578190774495
-1.87183942058045
7.135073792673154
0.39849347944561053
6.68505753333938
-1.1225769046928011
1.1106221066118476
